#     BM29  -  E.S.R.F.  - Mon Dec 14 21:17:26 2009
#S 96 scan 23.9756 25.5857 669 1
#T 1 (Seconds)
# file name: /data/bm29/inhouse/blc5221//Pd-foil-test.1.1.1.1.1.1.1
# -------------------------------------------------------
# monochromator:  Si (1 1 1) flat
# adopted d spacing  3.13467 Angstroems
# first crystal initial temperature -163.617 C
# primary slit vertical aperture 0.2 mm
# experimental slit horizontal aperture 4 mm
# experimental slit vertical aperture 10 mm
# initial ring current 90.3517 mA
# electrometer ranges for I0 - 1e-06 mA, I1 - 3e-07 mA (I2 - 3e-07 mA)
# -------------------------------------------------------
# EXAFS scan with optimized energy mesh
# parameter file name: /data/bm29/inhouse/blc5221//Pd-Si111-test.par
# scan parameter file name: /data/bm29/inhouse/blc5221//Pd-test.par
# Energy limits  23.9756 - 25.5857 KeV
# Detuning = 0 Loeffen, Piezzo position: init=0, end=0
# acquisition time per scan point 1 s
# target I0 counts for feedback (type 0) init=0, end=0 counts/s, tif = 1, tiw = 0.2
# -------------------------------------------------------
#N 15
#L E[keV]  alpha  I0  I1  I2  point_nb  qg1  T1  T2  E_hdh[keV]  ref  log_i1_i2  S[cal1]  S[cal2]  elapseT
23.968425088 -1.23795 974924 3362056 1012101 1 -20.5995 0 0 23.9868 1.20052 1.20052 0 0 1.94441
23.973483671 -1.23811 1047176 3611810 1087404 2 -20.5995 0 0 23.9868 1.20042 1.20042 0 0 3.76313
23.978541254 -1.2382 1047394 3612874 1087612 3 -20.5995 0 0 23.9873 1.20052 1.20052 0 0 5.63265
23.983462464 -1.23873 1046066 3610210 1087614 4 -20.5995 0 0 23.9914 1.19978 1.19978 0 0 7.45241
23.988524085 -1.23929 1047685 3617834 1090380 5 -20.5995 0 0 23.9959 1.19935 1.19935 0 0 9.31222
23.993449332 -1.2397 1048977 3623755 1092860 6 -20.5995 0 0 24.001 1.19871 1.19871 0 0 11.1323
23.998517011 -1.24008 1049515 3626995 1094614 7 -404.364 0 0 24.0056 1.198 1.198 0 0 12.9919
24.003446297 -1.24068 1050233 3631660 1096650 8 -404.364 0 0 24.0101 1.19743 1.19743 0 0 14.8616
24.008519032 -1.24109 1051017 3635858 1098472 9 -404.364 0 0 24.0147 1.19692 1.19692 0 0 16.6814
24.013450337 -1.24158 1052104 3641425 1100904 10 -404.364 0 0 24.0198 1.19624 1.19624 0 0 18.5414
24.01852913 -1.24215 1050676 3638545 1100761 11 -404.364 0 0 24.0243 1.19558 1.19558 0 0 20.411
24.023463473 -1.24263 1054790 3654547 1106134 12 -404.364 0 0 24.0294 1.1951 1.1951 0 0 22.2308
24.028544285 -1.24318 1056107 3661133 1108984 13 94.6061 0 0 24.034 1.19433 1.19433 0 0 24.0908
24.033486704 -1.24373 1056397 3664134 1110589 14 94.6061 0 0 24.0386 1.1937 1.1937 0 0 25.9604
24.038428123 -1.24415 1057982 3671189 1113594 15 94.6061 0 0 24.0436 1.19292 1.19292 0 0 27.7902
24.043515992 -1.24483 1059090 3677517 1116220 16 94.6061 0 0 24.0487 1.19229 1.19229 0 0 29.62
24.04846145 -1.24524 1060513 3683970 1118947 17 94.6061 0 0 24.0538 1.1916 1.1916 0 0 31.4698
24.053554376 -1.24583 1061520 3689655 1121242 18 94.6061 0 0 24.0589 1.1911 1.1911 0 0 33.3496
24.058505891 -1.24638 1062314 3694453 1123478 19 173.953 0 0 24.064 1.1904 1.1904 0 0 35.2593
24.063457406 -1.24684 1063692 3700956 1126242 20 173.953 0 0 24.0691 1.1897 1.1897 0 0 37.1291
24.068557408 -1.24744 1064585 3706251 1128644 21 173.953 0 0 24.0742 1.189 1.189 0 0 38.9589
24.073512961 -1.24793 1065476 3711180 1130916 22 173.953 0 0 24.0793 1.18832 1.18832 0 0 40.8287
24.078471552 -1.24841 1066968 3718177 1133767 23 173.953 0 0 24.0844 1.18769 1.18769 0 0 42.6485
24.083434181 -1.24897 1067489 3722054 1135647 24 173.953 0 0 24.089 1.18707 1.18707 0 0 44.5183
24.088540241 -1.24953 1068495 3727668 1138173 25 232.7 0 0 24.0936 1.18636 1.18636 0 0 46.3581
24.093505889 -1.25003 1068349 3729034 1139261 26 232.7 0 0 24.0992 1.18577 1.18577 0 0 48.2379
24.098474576 -1.25053 1058372 3696047 1129978 27 232.7 0 0 24.1038 1.18507 1.18507 0 0 50.0677
24.103444281 -1.25102 1053586 3681148 1126154 28 232.7 0 0 24.1089 1.18442 1.18442 0 0 51.8775
24.108558417 -1.25147 1069701 3739119 1144698 29 232.7 0 0 24.114 1.18371 1.18371 0 0 53.7573
24.113532161 -1.25194 1072407 3750339 1149015 30 232.7 0 0 24.1191 1.18294 1.18294 0 0 55.6174
24.118508924 -1.25249 1073927 3757703 1151884 31 299.84 0 0 24.1242 1.18241 1.18241 0 0 57.4769
24.123486705 -1.25297 1074949 3763092 1154257 32 299.84 0 0 24.1288 1.18178 1.18178 0 0 59.3068
24.128468525 -1.25343 1076013 3768556 1156722 33 299.84 0 0 24.134 1.1811 1.1811 0 0 61.0868
24.133450345 -1.25394 1076566 3772435 1158522 34 299.84 0 0 24.1386 1.18058 1.18058 0 0 62.9563
24.138434184 -1.25437 1076319 3773181 1159593 35 299.84 0 0 24.1432 1.17985 1.17985 0 0 64.7961
24.143422062 -1.2548 1073977 3766586 1158291 36 299.84 0 0 24.1483 1.17922 1.17922 0 0 66.6559
24.148553369 -1.25533 1078387 3784070 1164530 37 360.113 0 0 24.154 1.17848 1.17848 0 0 68.5058
24.153544285 -1.25568 1079400 3788951 1166844 38 360.113 0 0 24.1591 1.17779 1.17779 0 0 70.3255
24.158534181 -1.25612 1079732 3791782 1168294 39 360.113 0 0 24.1637 1.17729 1.17729 0 0 72.2053
24.163529134 -1.25655 1079974 3794243 1169885 40 360.113 0 0 24.1689 1.17658 1.17658 0 0 74.0251
24.168527107 -1.25701 1077897 3788697 1168827 41 360.113 0 0 24.174 1.17602 1.17602 0 0 75.8949
24.173526098 -1.2574 1063728 3740339 1154602 42 360.113 0 0 24.1791 1.17542 1.17542 0 0 77.7147
24.178529128 -1.25774 1071527 3769042 1164498 43 415.809 0 0 24.1843 1.17453 1.17453 0 0 79.5653
24.183532158 -1.25804 1085960 3820976 1181158 44 415.809 0 0 24.1889 1.17401 1.17401 0 0 81.4243
24.188537207 -1.25845 1086174 3823280 1182793 45 415.809 0 0 24.1941 1.17323 1.17323 0 0 83.2941
24.193545294 -1.25882 1086655 3826400 1184423 46 415.809 0 0 24.1987 1.17267 1.17267 0 0 85.1138
24.198554381 -1.25912 1086917 3828473 1185790 47 415.809 0 0 24.2038 1.17206 1.17206 0 0 86.9937
24.203422056 -1.25947 1087524 3831951 1187635 48 415.809 0 0 24.209 1.17141 1.17141 0 0 88.8734
24.208434181 -1.25986 1087621 3833768 1188814 49 463.874 0 0 24.2136 1.17089 1.17089 0 0 90.8033
24.213450345 -1.26009 1088378 3837342 1190789 50 463.874 0 0 24.2188 1.17016 1.17016 0 0 92.663
24.218469527 -1.26033 1088390 3838302 1191954 51 463.874 0 0 24.224 1.16944 1.16944 0 0 94.4829
24.223346298 -1.26069 1088046 3838458 1192787 52 463.874 0 0 24.2291 1.16878 1.16878 0 0 96.3526
24.227794777 -1.26091 1089118 3843078 1194836 53 463.874 0 0 24.2338 1.16826 1.16826 0 0 98.1824
24.231956396 -1.26094 1089511 3844606 1196069 54 463.874 0 0 24.2374 1.16763 1.16763 0 0 100.042
24.235833172 -1.26115 1090084 3847432 1197412 55 513.466 0 0 24.241 1.16724 1.16724 0 0 101.892
24.239423068 -1.26122 1090527 3849268 1198654 56 513.466 0 0 24.2446 1.16668 1.16668 0 0 103.722
24.242583673 -1.26126 1090767 3850268 1199453 57 513.466 0 0 24.2477 1.16628 1.16628 0 0 105.602
24.245458417 -1.2612 1090895 3850469 1200013 58 513.466 0 0 24.2508 1.16586 1.16586 0 0 107.421
24.247899831 -1.26124 1090919 3850723 1200377 59 513.466 0 0 24.2534 1.16562 1.16562 0 0 109.291
24.250056403 -1.26123 1091376 3852308 1201176 60 513.466 0 0 24.2555 1.16537 1.16537 0 0 111.111
24.251926095 -1.26126 1091766 3853805 1201924 61 535.592 0 0 24.2576 1.16514 1.16514 0 0 112.951
24.253507907 -1.26112 1091448 3852143 1201723 62 535.592 0 0 24.2591 1.16487 1.16487 0 0 114.821
24.254659427 -1.26123 1091531 3852850 1202229 63 535.592 0 0 24.2601 1.16464 1.16464 0 0 116.65
24.255523068 -1.26117 1091281 3851747 1201893 64 535.592 0 0 24.2607 1.16463 1.16463 0 0 118.53
24.256097809 -1.2612 1091667 3853226 1202351 65 535.592 0 0 24.2617 1.16463 1.16463 0 0 120.34
24.2565261 -1.26121 1091722 3853430 1202517 66 535.592 0 0 24.2622 1.16455 1.16455 0 0 122.16
24.25710286 -1.26121 1091602 3853024 1202503 67 522.622 0 0 24.2627 1.16445 1.16445 0 0 124.01
24.25753519 -1.26118 1091858 3853810 1202753 68 522.622 0 0 24.2633 1.16445 1.16445 0 0 125.819
24.258109931 -1.26114 1092325 3855288 1203359 69 522.622 0 0 24.2638 1.16433 1.16433 0 0 127.679
24.258542261 -1.261 1091877 3853198 1202865 70 522.622 0 0 24.2643 1.1642 1.1642 0 0 129.499
24.259118021 -1.26108 1091401 3851791 1202619 71 522.622 0 0 24.2648 1.16404 1.16404 0 0 131.359
24.259549332 -1.26106 1091728 3852903 1202876 72 522.622 0 0 24.2653 1.16411 1.16411 0 0 133.219
24.260125092 -1.26104 1091373 3851543 1202679 73 524.148 0 0 24.2658 1.16392 1.16392 0 0 135.068
24.260558422 -1.26095 1091407 3851323 1202572 74 524.148 0 0 24.2664 1.16395 1.16395 0 0 136.898
24.260987713 -1.26107 1091328 3851523 1202673 75 524.148 0 0 24.2669 1.16392 1.16392 0 0 138.768
24.261563473 -1.2611 1091595 3852571 1203056 76 524.148 0 0 24.2674 1.16388 1.16388 0 0 140.628
24.261994784 -1.26109 1091609 3852582 1203220 77 524.148 0 0 24.2679 1.16374 1.16374 0 0 142.448
24.262570544 -1.26102 1091343 3851361 1202956 78 524.148 0 0 24.2684 1.16364 1.16364 0 0 144.317
24.263003874 -1.26102 1091834 3853108 1203390 79 529.488 0 0 24.2684 1.16374 1.16374 0 0 146.157
24.263579634 -1.26097 1092261 3854402 1203972 80 529.488 0 0 24.2695 1.16359 1.16359 0 0 147.977
24.264011945 -1.26091 1091626 3851940 1203170 81 529.488 0 0 24.27 1.16362 1.16362 0 0 149.847
24.264586705 -1.26088 1091999 3853146 1203745 82 529.488 0 0 24.2705 1.16345 1.16345 0 0 151.707
24.265018015 -1.26089 1091906 3852869 1203739 83 529.488 0 0 24.2705 1.16339 1.16339 0 0 153.536
24.265592757 -1.26077 1092050 3852909 1203870 84 529.488 0 0 24.2715 1.16329 1.16329 0 0 155.406
24.266025086 -1.26081 1091791 3852155 1203590 85 531.777 0 0 24.2715 1.16332 1.16332 0 0 157.256
24.266601846 -1.26078 1091642 3851518 1203583 86 531.777 0 0 24.2726 1.16316 1.16316 0 0 159.126
24.267034176 -1.26079 1091824 3852166 1203791 87 531.777 0 0 24.2726 1.16316 1.16316 0 0 160.945
24.267610936 -1.26078 1091774 3851975 1203812 88 531.777 0 0 24.2731 1.16309 1.16309 0 0 162.805
24.268043266 -1.26062 1091784 3851373 1203762 89 531.777 0 0 24.2736 1.16298 1.16298 0 0 164.615
24.268617007 -1.26071 1091708 3851459 1203814 90 531.777 0 0 24.2741 1.16296 1.16296 0 0 166.475
24.269050337 -1.26051 1091649 3850492 1203598 91 539.407 0 0 24.2746 1.16289 1.16289 0 0 168.335
24.269626097 -1.26057 1091816 3851319 1203887 92 539.407 0 0 24.2752 1.16286 1.16286 0 0 170.214
24.270057408 -1.26052 1091517 3850075 1203647 93 539.407 0 0 24.2757 1.16274 1.16274 0 0 172.034
24.270490737 -1.26045 1091914 3851201 1204043 94 539.407 0 0 24.2762 1.1627 1.1627 0 0 173.854
24.271066497 -1.26041 1091857 3850817 1203915 95 539.407 0 0 24.2767 1.16271 1.16271 0 0 175.734
24.271497808 -1.26042 1091599 3849971 1203696 96 539.407 0 0 24.2767 1.16267 1.16267 0 0 177.564
24.272073568 -1.26037 1091824 3850570 1204042 97 542.458 0 0 24.2778 1.16254 1.16254 0 0 179.423
24.272506898 -1.26031 1091694 3849865 1204002 98 542.458 0 0 24.2783 1.16239 1.16239 0 0 181.343
24.273082658 -1.26022 1091740 3849690 1203984 99 542.458 0 0 24.2788 1.16236 1.16236 0 0 183.173
24.273513969 -1.26016 1091185 3847491 1203354 100 542.458 0 0 24.2793 1.16231 1.16231 0 0 185.053
24.274089729 -1.26013 1091649 3849011 1203922 101 542.458 0 0 24.2798 1.16223 1.16223 0 0 186.863
24.274522059 -1.26 1092032 3849892 1204303 102 542.458 0 0 24.2798 1.16214 1.16214 0 0 188.742
24.275098819 -1.25999 1091711 3848718 1203953 103 543.984 0 0 24.2809 1.16213 1.16213 0 0 190.582
24.275531148 -1.25991 1091526 3847758 1203765 104 543.984 0 0 24.2809 1.16204 1.16204 0 0 192.452
24.276107909 -1.2599 1091947 3849182 1204274 105 543.984 0 0 24.2819 1.16198 1.16198 0 0 194.262
24.276540238 -1.25984 1092102 3849519 1204261 106 543.984 0 0 24.2819 1.16208 1.16208 0 0 196.132
24.277116999 -1.25978 1091470 3847052 1203696 107 543.984 0 0 24.2829 1.16191 1.16191 0 0 197.941
24.277547309 -1.25974 1091617 3847392 1203974 108 543.984 0 0 24.2835 1.16177 1.16177 0 0 199.811
24.278125088 -1.2596 1092014 3848275 1204297 109 548.562 0 0 24.284 1.16173 1.16173 0 0 201.671
24.278556399 -1.2596 1091999 3848208 1204234 110 548.562 0 0 24.2845 1.16176 1.16176 0 0 203.491
24.278989729 -1.2596 1091234 3845527 1203513 111 548.562 0 0 24.2845 1.16167 1.16167 0 0 205.361
24.279565489 -1.25946 1091641 3846413 1203923 112 548.562 0 0 24.2855 1.16156 1.16156 0 0 207.17
24.279998819 -1.2594 1092147 3847967 1204382 113 548.562 0 0 24.2855 1.16158 1.16158 0 0 209.03
24.280574579 -1.25934 1091152 3844215 1203392 114 548.562 0 0 24.2861 1.16142 1.16142 0 0 210.89
24.281007908 -1.25921 1091537 3845100 1203772 115 558.48 0 0 24.2866 1.16134 1.16134 0 0 212.74
24.281585688 -1.25905 1091448 3844166 1203512 116 558.48 0 0 24.2876 1.16131 1.16131 0 0 214.56
24.282014979 -1.25905 1091606 3844705 1203804 117 558.48 0 0 24.2876 1.16121 1.16121 0 0 216.429
24.282592758 -1.25905 1091304 3843650 1203519 118 558.48 0 0 24.2881 1.16117 1.16117 0 0 218.289
24.283025088 -1.25897 1091306 3843350 1203465 119 558.48 0 0 24.2887 1.16114 1.16114 0 0 220.099
24.283601848 -1.25879 1091453 3843196 1203565 120 558.48 0 0 24.2892 1.16102 1.16102 0 0 221.979
24.284034178 -1.25865 1091729 3843607 1203775 121 562.295 0 0 24.2897 1.16095 1.16095 0 0 223.829
24.284610938 -1.25855 1091677 3843041 1203680 122 562.295 0 0 24.2902 1.16088 1.16088 0 0 225.638
24.285043268 -1.25853 1091545 3842518 1203523 123 562.295 0 0 24.2907 1.16087 1.16087 0 0 227.498
24.285621047 -1.25842 1092089 3843981 1204128 124 562.295 0 0 24.2912 1.16075 1.16075 0 0 229.358
24.286052358 -1.25825 1091535 3841382 1203374 125 562.295 0 0 24.2918 1.1607 1.1607 0 0 231.178
24.286630137 -1.2582 1091909 3842513 1203852 126 562.295 0 0 24.2923 1.1606 1.1606 0 0 233.048
24.287061448 -1.25811 1091545 3840874 1203261 127 564.584 0 0 24.2928 1.16066 1.16066 0 0 234.897
24.287494777 -1.25804 1091686 3841117 1203532 128 564.584 0 0 24.2928 1.1605 1.1605 0 0 236.707
24.288072557 -1.25792 1091227 3839030 1202997 129 564.584 0 0 24.2933 1.1604 1.1604 0 0 238.577
24.288505886 -1.25793 1091569 3840274 1203236 130 564.584 0 0 24.2938 1.16053 1.16053 0 0 240.457
24.289081646 -1.25775 1091277 3838572 1202858 131 564.584 0 0 24.2944 1.1604 1.1604 0 0 242.337
24.289514976 -1.25756 1090850 3836342 1202395 132 564.584 0 0 24.2949 1.1602 1.1602 0 0 244.187
24.290091755 -1.25741 1091731 3838839 1203123 133 564.584 0 0 24.2954 1.16025 1.16025 0 0 246.096
24.290523066 -1.25736 1091532 3837960 1202964 134 564.584 0 0 24.2959 1.16015 1.16015 0 0 247.996
24.291099826 -1.25728 1091602 3837909 1203145 135 564.584 0 0 24.2964 1.15999 1.15999 0 0 249.836
24.291533175 -1.25718 1091567 3837406 1202920 136 564.584 0 0 24.297 1.16004 1.16004 0 0 251.666
24.292109935 -1.25699 1091674 3837043 1202859 137 564.584 0 0 24.2975 1.16 1.16 0 0 253.485
24.292542265 -1.25683 1091543 3835985 1202772 138 564.584 0 0 24.298 1.1598 1.1598 0 0 255.365
24.293120044 -1.25671 1091488 3835334 1202555 139 569.925 0 0 24.2985 1.15981 1.15981 0 0 257.305
24.293553374 -1.25662 1091241 3834088 1202228 140 569.925 0 0 24.299 1.15975 1.15975 0 0 259.135
24.294131153 -1.25644 1091751 3835218 1202675 141 569.925 0 0 24.2996 1.15968 1.15968 0 0 260.994
24.294562464 -1.25623 1091817 3834624 1202485 142 569.925 0 0 24.3001 1.15968 1.15968 0 0 262.815
24.294995793 -1.25607 1091502 3832903 1202033 143 569.925 0 0 24.3001 1.15961 1.15961 0 0 264.674
24.295573573 -1.25595 1091500 3832427 1202031 144 569.925 0 0 24.3011 1.15949 1.15949 0 0 266.534
24.296006902 -1.25591 1091495 3832287 1201986 145 571.451 0 0 24.3016 1.15949 1.15949 0 0 268.384
24.296582663 -1.2556 1092037 3832996 1202353 146 571.451 0 0 24.3022 1.15937 1.15937 0 0 270.193
24.297017011 -1.25551 1091501 3830766 1201692 147 571.451 0 0 24.3027 1.15933 1.15933 0 0 272.063
24.297593771 -1.25539 1091443 3830095 1201572 148 571.451 0 0 24.3032 1.15926 1.15926 0 0 273.943
24.29802812 -1.2552 1091405 3829239 1201271 149 571.451 0 0 24.3032 1.15929 1.15929 0 0 275.763
24.29860488 -1.25491 1091596 3828798 1201358 150 571.451 0 0 24.3042 1.1591 1.1591 0 0 277.633
24.299035191 -1.25474 1091544 3827958 1201119 151 576.028 0 0 24.3047 1.15908 1.15908 0 0 279.482
24.29961397 -1.25457 1091609 3827535 1201083 152 576.028 0 0 24.3053 1.159 1.159 0 0 281.292
24.300048319 -1.25435 1091672 3826931 1200931 153 576.028 0 0 24.3053 1.15897 1.15897 0 0 283.162
24.300624079 -1.25405 1091395 3824802 1200304 154 576.028 0 0 24.3063 1.15893 1.15893 0 0 284.992
24.301059428 -1.25385 1091645 3824901 1200551 155 576.028 0 0 24.3068 1.15875 1.15875 0 0 286.862
24.301492758 -1.25375 1091155 3822810 1199879 156 576.028 0 0 24.3068 1.15876 1.15876 0 0 288.681
24.302070537 -1.25345 1091992 3824592 1200521 157 578.317 0 0 24.3079 1.1587 1.1587 0 0 290.541
24.302501848 -1.25333 1091022 3820757 1199502 158 578.317 0 0 24.3079 1.15854 1.15854 0 0 292.411
24.303079627 -1.25305 1091155 3820150 1199222 159 578.317 0 0 24.3089 1.15862 1.15862 0 0 294.221
24.303512956 -1.25279 1091279 3819594 1199228 160 578.317 0 0 24.3089 1.15847 1.15847 0 0 296.091
24.304090736 -1.25248 1091219 3818195 1198901 161 578.317 0 0 24.3099 1.15837 1.15837 0 0 297.96
24.304524085 -1.2524 1090817 3816471 1198252 162 578.317 0 0 24.3099 1.15846 1.15846 0 0 299.79
24.305101845 -1.25199 1091122 3815970 1198311 163 581.369 0 0 24.3105 1.15828 1.15828 0 0 301.68
24.305535193 -1.25175 1091575 3816633 1198639 164 581.369 0 0 24.311 1.15818 1.15818 0 0 303.55
24.306113973 -1.25144 1090912 3813129 1197543 165 581.369 0 0 24.3115 1.15818 1.15818 0 0 305.36
24.306546302 -1.25116 1091226 3813161 1197765 166 581.369 0 0 24.312 1.158 1.158 0 0 307.209
24.307124082 -1.25094 1091673 3813895 1197979 167 581.369 0 0 24.3125 1.15801 1.15801 0 0 309.089
24.307555392 -1.25061 1091568 3812281 1197517 168 581.369 0 0 24.3131 1.15798 1.15798 0 0 310.919
24.307990741 -1.25039 1091479 3811127 1197133 169 584.421 0 0 24.3131 1.158 1.158 0 0 312.759
24.30856852 -1.24995 1091429 3809258 1196694 170 584.421 0 0 24.3141 1.15787 1.15787 0 0 314.569
24.30900185 -1.24965 1091557 3808590 1196529 171 584.421 0 0 24.3146 1.15783 1.15783 0 0 316.448
24.309579629 -1.2493 1091143 3805781 1195900 172 584.421 0 0 24.3151 1.15762 1.15762 0 0 318.278
24.310014978 -1.24908 1090258 3801865 1194586 173 584.421 0 0 24.3151 1.15769 1.15769 0 0 320.158
24.310592757 -1.24864 1090602 3801395 1194383 174 584.421 0 0 24.3162 1.15774 1.15774 0 0 321.978
24.311023068 -1.24826 1090520 3799660 1194059 175 592.813 0 0 24.3162 1.15755 1.15755 0 0 323.84
24.311601847 -1.24775 1089888 3795540 1192967 176 592.813 0 0 24.3172 1.15738 1.15738 0 0 325.667
24.312036196 -1.24745 1089610 3793447 1192214 177 592.813 0 0 24.3172 1.15746 1.15746 0 0 327.547
24.312613975 -1.24694 1089296 3790390 1191368 178 592.813 0 0 24.3177 1.15737 1.15737 0 0 329.357
24.313047305 -1.24662 1088634 3786877 1190247 179 592.813 0 0 24.3183 1.15738 1.15738 0 0 331.237
24.313624084 -1.24605 1088947 3785818 1190104 180 592.813 0 0 24.3193 1.15722 1.15722 0 0 333.047
24.314059433 -1.24581 1088509 3783392 1189381 181 597.391 0 0 24.3193 1.15719 1.15719 0 0 334.896
24.314494782 -1.24546 1088957 3783600 1189480 182 597.391 0 0 24.3198 1.15716 1.15716 0 0 336.756
24.315072561 -1.24483 1089775 3784084 1189737 183 597.391 0 0 24.3203 1.15707 1.15707 0 0 338.636
24.315503871 -1.24437 1089558 3781564 1189171 184 597.391 0 0 24.3209 1.15688 1.15688 0 0 340.446
24.316081651 -1.24389 1090404 3782703 1189379 185 597.391 0 0 24.3214 1.15701 1.15701 0 0 342.326
24.316516 -1.2435 1090367 3781113 1188949 186 597.391 0 0 24.3219 1.15695 1.15695 0 0 344.135
24.317094779 -1.24283 1090155 3777830 1188199 187 601.206 0 0 24.3224 1.15671 1.15671 0 0 346.035
24.317529128 -1.24244 1090464 3777441 1187945 188 601.206 0 0 24.3229 1.15682 1.15682 0 0 347.845
24.318107907 -1.24171 1090842 3775981 1187689 189 601.206 0 0 24.3235 1.15665 1.15665 0 0 349.715
24.318542256 -1.24119 1090988 3774510 1187211 190 601.206 0 0 24.324 1.15666 1.15666 0 0 351.534
24.319120035 -1.24049 1090908 3771595 1186555 191 601.206 0 0 24.3245 1.15644 1.15644 0 0 353.394
24.319551345 -1.23998 1090877 3769592 1185871 192 601.206 0 0 24.325 1.15649 1.15649 0 0 355.254
24.320130144 -1.23928 1091353 3768598 1185785 193 604.257 0 0 24.3256 1.1563 1.1563 0 0 357.104
24.320563473 -1.23865 1090822 3764364 1184384 194 604.257 0 0 24.3261 1.15636 1.15636 0 0 358.914
24.320998822 -1.2381 1090810 3762261 1183673 195 604.257 0 0 24.3266 1.1564 1.1564 0 0 360.794
24.321576601 -1.23723 1091092 3759958 1183203 196 604.257 0 0 24.3271 1.15618 1.15618 0 0 362.613
24.32201195 -1.23672 1091151 3758236 1182674 197 604.257 0 0 24.3276 1.15617 1.15617 0 0 364.483
24.322589729 -1.23568 1091243 3754642 1181687 198 604.257 0 0 24.3282 1.15605 1.15605 0 0 366.303
24.323024078 -1.23512 1090924 3751459 1180624 199 609.598 0 0 24.3287 1.1561 1.1561 0 0 368.193
24.323604877 -1.23418 1091269 3749124 1180060 200 609.598 0 0 24.3292 1.15596 1.15596 0 0 370.012
24.324035187 -1.23342 1090919 3745061 1178857 201 609.598 0 0 24.3297 1.15589 1.15589 0 0 371.872
24.324613966 -1.23229 1090727 3740183 1177326 202 609.598 0 0 24.3302 1.15589 1.15589 0 0 373.722
24.325047315 -1.2315 1091147 3738682 1177031 203 609.598 0 0 24.3308 1.15574 1.15574 0 0 375.572
24.325627114 -1.23033 1091322 3734899 1175709 204 609.598 0 0 24.3313 1.15585 1.15585 0 0 377.422
24.326060443 -1.2295 1090272 3728200 1173847 205 614.939 0 0 24.3318 1.15564 1.15564 0 0 379.271
24.326495792 -1.22847 1091553 3728737 1174032 206 614.939 0 0 24.3318 1.15563 1.15563 0 0 381.141
24.32707559 -1.22724 1090684 3721200 1171700 207 614.939 0 0 24.3328 1.15559 1.15559 0 0 382.951
24.327506901 -1.22624 1090844 3718008 1170872 208 614.939 0 0 24.3334 1.15544 1.15544 0 0 384.821
24.328086699 -1.22472 1090561 3711430 1168792 209 614.939 0 0 24.3339 1.15545 1.15545 0 0 386.651
24.328521048 -1.22366 1090651 3707777 1167696 210 614.939 0 0 24.3339 1.1554 1.1554 0 0 388.48
24.329099827 -1.222 1091113 3703208 1166425 211 618.754 0 0 24.3349 1.15526 1.15526 0 0 390.33
24.329534176 -1.22085 1090985 3698526 1165053 212 618.754 0 0 24.3349 1.15517 1.15517 0 0 392.19
24.330111955 -1.21903 1090519 3690199 1162483 213 618.754 0 0 24.336 1.15512 1.15512 0 0 394.05
24.330546304 -1.21772 1090926 3686766 1161347 214 618.754 0 0 24.336 1.15517 1.15517 0 0 395.87
24.331126102 -1.21572 1090979 3679553 1159178 215 618.754 0 0 24.337 1.15508 1.15508 0 0 397.739
24.331561451 -1.21424 1090368 3672079 1156757 216 618.754 0 0 24.337 1.15514 1.15514 0 0 399.559
24.331994781 -1.21264 1090775 3667567 1155368 217 622.568 0 0 24.3375 1.15511 1.15511 0 0 401.399
24.33257256 -1.21036 1090537 3658420 1152697 218 622.568 0 0 24.338 1.15493 1.15493 0 0 403.259
24.333007909 -1.2086 1090507 3651873 1150660 219 622.568 0 0 24.3386 1.1549 1.1549 0 0 405.119
24.333587707 -1.20601 1090233 3641525 1147531 220 622.568 0 0 24.3391 1.15479 1.15479 0 0 406.978
24.334022056 -1.20415 1090186 3634584 1145416 221 622.568 0 0 24.3396 1.15473 1.15473 0 0 408.848
24.334599835 -1.20108 1090948 3625992 1142780 222 622.568 0 0 24.3401 1.15466 1.15466 0 0 410.668
24.335034184 -1.19904 1089859 3614973 1139325 223 626.383 0 0 24.3407 1.15465 1.15465 0 0 412.518
24.335614982 -1.19563 1090563 3605012 1136160 224 626.383 0 0 24.3412 1.15467 1.15467 0 0 414.388
24.336047312 -1.19303 1090864 3596654 1133762 225 626.383 0 0 24.3417 1.15446 1.15446 0 0 416.207
24.336625091 -1.18919 1090402 3581322 1129023 226 626.383 0 0 24.3422 1.15438 1.15438 0 0 418.077
24.33706044 -1.18637 1090276 3570832 1125687 227 626.383 0 0 24.3427 1.1544 1.1544 0 0 419.957
24.337495789 -1.18307 1090626 3560227 1122419 228 626.383 0 0 24.3427 1.15434 1.15434 0 0 421.737
24.338075587 -1.17834 1090501 3543022 1117208 229 628.672 0 0 24.3433 1.15415 1.15415 0 0 423.627
24.338510936 -1.17474 1090460 3530133 1113041 230 628.672 0 0 24.3438 1.15424 1.15424 0 0 425.446
24.339089734 -1.16924 1090047 3509448 1106683 231 628.672 0 0 24.3443 1.15409 1.15409 0 0 427.306
24.339524083 -1.16449 1090352 3493788 1101735 232 628.672 0 0 24.3448 1.1541 1.1541 0 0 429.166
24.340104881 -1.15779 1090271 3470204 1094248 233 628.672 0 0 24.3453 1.15415 1.15415 0 0 430.996
24.340535192 -1.15232 1090417 3451752 1088518 234 628.672 0 0 24.3459 1.15406 1.15406 0 0 432.866
24.34111599 -1.14415 1090435 3423704 1079799 235 632.487 0 0 24.3464 1.15395 1.15395 0 0 434.705
24.341550339 -1.13744 1089948 3399286 1072074 236 632.487 0 0 24.3469 1.15397 1.15397 0 0 436.565
24.342130137 -1.12701 1090218 3364867 1061474 237 632.487 0 0 24.3474 1.15373 1.15373 0 0 438.375
24.342565486 -1.11842 1089885 3335059 1051980 238 632.487 0 0 24.348 1.15382 1.15382 0 0 440.235
24.343001854 -1.10891 1089961 3303723 1042225 239 632.487 0 0 24.3485 1.15369 1.15369 0 0 442.055
24.343579633 -1.09439 1090331 3257228 1027532 240 632.487 0 0 24.349 1.15372 1.15372 0 0 443.914
24.344012963 -1.0825 1090400 3218916 1015488 241 641.642 0 0 24.349 1.15368 1.15368 0 0 445.806
24.344592761 -1.0642 1089434 3157758 996298 242 641.642 0 0 24.35 1.15357 1.15357 0 0 447.624
24.34502711 -1.04919 1090452 3113622 982354 243 641.642 0 0 24.35 1.15359 1.15359 0 0 449.484
24.345607908 -1.02486 1090534 3038986 958766 244 641.642 0 0 24.3511 1.15363 1.15363 0 0 451.343
24.346042257 -1.00766 1089710 2984931 941812 245 641.642 0 0 24.3516 1.15353 1.15353 0 0 453.153
24.346621055 -0.977451 1089910 2896626 913904 246 641.642 0 0 24.3521 1.15358 1.15358 0 0 455.033
24.347058423 -0.957333 1090497 2840462 896192 247 644.694 0 0 24.3526 1.15357 1.15357 0 0 456.883
24.347493772 -0.932248 1090336 2769686 873932 248 644.694 0 0 24.3532 1.15349 1.15349 0 0 458.713
24.34807357 -0.896636 1090046 2672078 843105 249 644.694 0 0 24.3537 1.15352 1.15352 0 0 460.593
24.3485069 -0.87036 1090059 2602810 821278 250 644.694 0 0 24.3542 1.15348 1.15348 0 0 462.422
24.349086698 -0.831636 1090694 2505404 790619 251 644.694 0 0 24.3547 1.15339 1.15339 0 0 464.242
24.349521047 -0.801637 1090549 2431038 767133 252 644.694 0 0 24.3553 1.15341 1.15341 0 0 466.112
24.350100845 -0.759918 1089873 2330259 735451 253 646.983 0 0 24.3558 1.15325 1.15325 0 0 467.942
24.350535194 -0.73008 1090032 2262086 713953 254 646.983 0 0 24.3563 1.15323 1.15323 0 0 469.761
24.351115993 -0.688784 1090247 2171001 685301 255 646.983 0 0 24.3568 1.15308 1.15308 0 0 471.621
24.35155236 -0.658751 1090205 2106687 664906 256 646.983 0 0 24.3573 1.15323 1.15323 0 0 473.501
24.352132159 -0.617275 1089617 2020009 637728 257 646.983 0 0 24.3579 1.15294 1.15294 0 0 475.331
24.352565488 -0.588922 1089308 1962983 619743 258 646.983 0 0 24.3584 1.15292 1.15292 0 0 477.161
24.353000837 -0.558349 1089192 1903673 600963 259 651.56 0 0 24.3589 1.15301 1.15301 0 0 479.01
24.353579635 -0.519771 1089750 1832571 578628 260 651.56 0 0 24.3594 1.15281 1.15281 0 0 480.61
24.354159434 -0.481241 1088380 1761088 556013 261 651.56 0 0 24.36 1.15289 1.15289 0 0 482.52
24.354596802 -0.452782 1089580 1713562 541104 262 651.56 0 0 24.3605 1.15272 1.15272 0 0 484.39
24.3551766 -0.413531 1089783 1647913 520456 263 651.56 0 0 24.361 1.15256 1.15256 0 0 486.21
24.355756398 -0.375223 1088976 1584804 500430 264 651.56 0 0 24.3615 1.15275 1.15275 0 0 488.07
24.356336197 -0.334725 1089087 1522060 480682 265 656.901 0 0 24.362 1.15261 1.15261 0 0 489.909
24.356915995 -0.292541 1089770 1460104 461029 266 656.901 0 0 24.3626 1.1528 1.1528 0 0 491.779
24.357495793 -0.250765 1088978 1399345 441897 267 656.901 0 0 24.3631 1.15268 1.15268 0 0 493.639
24.358075592 -0.206421 1089498 1339288 422900 268 656.901 0 0 24.3641 1.15276 1.15276 0 0 495.459
24.358657409 -0.159887 1089439 1278324 403617 269 656.901 0 0 24.3646 1.15284 1.15284 0 0 497.338
24.359382657 -0.100676 1089963 1205410 380666 270 656.901 0 0 24.3652 1.15265 1.15265 0 0 499.148
24.359961455 -0.0560929 1088845 1151667 363711 271 669.108 0 0 24.3657 1.15261 1.15261 0 0 501.008
24.360688722 -0.00112764 1089275 1090504 344434 272 669.108 0 0 24.3662 1.15249 1.15249 0 0 502.878
24.361268521 0.043078 1088885 1042974 329460 273 669.108 0 0 24.3667 1.15238 1.15238 0 0 504.698
24.361993769 0.0936248 1089290 991934 313382 274 669.108 0 0 24.3678 1.15223 1.15223 0 0 506.568
24.362718017 0.13828 1088942 948310 299590 275 669.108 0 0 24.3683 1.15227 1.15227 0 0 508.377
24.363446303 0.177641 1089362 912061 288191 276 669.108 0 0 24.3694 1.15208 1.15208 0 0 510.237
24.364171551 0.207644 1089637 885326 279790 277 675.975 0 0 24.3699 1.15192 1.15192 0 0 512.087
24.364896798 0.231009 1089223 864551 273247 278 675.975 0 0 24.3709 1.15183 1.15183 0 0 513.947
24.365621046 0.247909 1089329 850146 268615 279 675.975 0 0 24.3714 1.15213 1.15213 0 0 515.776
24.366347313 0.258634 1088965 840796 265816 280 675.975 0 0 24.372 1.15154 1.15154 0 0 517.646
24.36707458 0.264383 1090091 836840 264526 281 675.975 0 0 24.373 1.15169 1.15169 0 0 519.496
24.367944278 0.265241 1089979 836037 264386 282 675.975 0 0 24.3735 1.15126 1.15126 0 0 521.316
24.368670545 0.26179 1089636 838663 265153 283 687.419 0 0 24.3741 1.1515 1.1515 0 0 523.206
24.369540242 0.253088 1089970 846252 267595 284 687.419 0 0 24.3751 1.15134 1.15134 0 0 525.025
24.37026549 0.243853 1089388 853647 270042 285 687.419 0 0 24.3756 1.15094 1.15094 0 0 526.895
24.371139226 0.228845 1089763 866854 274175 286 687.419 0 0 24.3772 1.1511 1.1511 0 0 528.705
24.372010943 0.213143 1089340 880231 278430 287 687.419 0 0 24.3777 1.15102 1.15102 0 0 530.585
24.37288064 0.196483 1089553 895193 283134 288 687.419 0 0 24.3788 1.15112 1.15112 0 0 532.395
24.373754376 0.181942 1089358 908143 287320 289 695.812 0 0 24.3798 1.1508 1.1508 0 0 534.234
24.374623073 0.169118 1088798 919391 290927 290 695.812 0 0 24.3809 1.15064 1.15064 0 0 536.094
24.375497809 0.160111 1089008 927888 293633 291 695.812 0 0 24.3814 1.15058 1.15058 0 0 537.924
24.376367506 0.155115 1089372 932847 295237 292 695.812 0 0 24.3819 1.15046 1.15046 0 0 539.784
24.377240242 0.154362 1089272 933464 295443 293 695.812 0 0 24.3829 1.15043 1.15043 0 0 541.594
24.378255389 0.158454 1089358 929726 294236 294 695.812 0 0 24.384 1.15051 1.15051 0 0 543.413
24.379128125 0.166187 1089543 922721 292073 295 704.967 0 0 24.385 1.15032 1.15032 0 0 545.273
24.380145291 0.180548 1089295 909357 287906 296 704.967 0 0 24.3861 1.1501 1.1501 0 0 547.153
24.381017008 0.19622 1088772 894787 283301 297 704.967 0 0 24.3866 1.15007 1.15007 0 0 548.963
24.382033174 0.219426 1089583 874913 277110 298 704.967 0 0 24.3882 1.14971 1.14971 0 0 550.823
24.383052359 0.246243 1089454 851661 269760 299 704.967 0 0 24.3887 1.14965 1.14965 0 0 552.652
24.384070544 0.276142 1089757 826804 261899 300 704.967 0 0 24.3897 1.14961 1.14961 0 0 554.472
24.385085691 0.307954 1089789 800939 253741 301 713.359 0 0 24.3908 1.14947 1.14947 0 0 556.322
24.386104877 0.34078 1089726 775030 245516 302 713.359 0 0 24.3918 1.14954 1.14954 0 0 558.182
24.387122062 0.372838 1089857 750668 237846 303 713.359 0 0 24.3929 1.14934 1.14934 0 0 560.042
24.388141247 0.40161 1089744 729302 231140 304 713.359 0 0 24.3939 1.14906 1.14906 0 0 561.911
24.389159432 0.424398 1089329 712599 225851 305 713.359 0 0 24.395 1.14904 1.14904 0 0 563.731
24.390323067 0.441022 1089892 701213 222250 306 713.359 0 0 24.396 1.14901 1.14901 0 0 565.591
24.391339233 0.445121 1090089 698471 221414 307 723.278 0 0 24.3971 1.14886 1.14886 0 0 567.431
24.392503868 0.435973 1089262 704355 223370 308 723.278 0 0 24.3981 1.14845 1.14845 0 0 569.291
24.393521053 0.416241 1089468 718527 227826 309 723.278 0 0 24.3992 1.14862 1.14862 0 0 571.17
24.394685688 0.381482 1089469 743942 235918 310 723.278 0 0 24.4002 1.14848 1.14848 0 0 572.99
24.395848323 0.339509 1089623 775942 246185 311 723.278 0 0 24.4013 1.14799 1.14799 0 0 574.85
24.397014977 0.294162 1089175 811605 257542 312 723.278 0 0 24.4023 1.14783 1.14783 0 0 576.71
24.398177612 0.250537 1089477 848030 269154 313 732.433 0 0 24.4039 1.14763 1.14763 0 0 578.549
24.399341247 0.211704 1089601 881710 279916 314 732.433 0 0 24.4049 1.14737 1.14737 0 0 580.359
24.4005069 0.182337 1089315 907748 288208 315 732.433 0 0 24.406 1.14728 1.14728 0 0 582.229
24.401669535 0.162015 1089002 926118 294025 316 732.433 0 0 24.407 1.14734 1.14734 0 0 584.099
24.402835189 0.150678 1088799 936503 297404 317 732.433 0 0 24.4081 1.14706 1.14706 0 0 585.909
24.404147312 0.148892 1088650 938048 297955 318 732.433 0 0 24.4096 1.14686 1.14686 0 0 587.768
24.405313966 0.154147 1087412 932071 296031 319 744.64 0 0 24.4112 1.14694 1.14694 0 0 589.608
24.40662105 0.165915 1087449 921198 292734 320 744.64 0 0 24.4123 1.14641 1.14641 0 0 591.478
24.407786704 0.178896 1087369 909250 288941 321 744.64 0 0 24.4133 1.1464 1.1464 0 0 593.298
24.409097807 0.194014 1087884 896032 284821 322 744.64 0 0 24.4149 1.14611 1.14611 0 0 595.168
24.410411949 0.208475 1087609 882944 280704 323 744.64 0 0 24.4165 1.14596 1.14596 0 0 597.027
24.411721053 0.221275 1088983 872816 277549 324 744.64 0 0 24.4175 1.14573 1.14573 0 0 598.847
24.413032156 0.231471 1089417 864306 274827 325 759.137 0 0 24.4186 1.14578 1.14578 0 0 600.697
24.41434226 0.239543 1089479 857406 272687 326 759.137 0 0 24.4201 1.14559 1.14559 0 0 602.577
24.415656401 0.245389 1089090 852104 271039 327 759.137 0 0 24.4212 1.14544 1.14544 0 0 604.397
24.416966505 0.250674 1089222 847715 269646 328 759.137 0 0 24.4228 1.14543 1.14543 0 0 606.276
24.418277608 0.25684 1090000 843106 268231 329 759.137 0 0 24.4238 1.14524 1.14524 0 0 608.106
24.41959175 0.26553 1089679 835565 265866 330 759.137 0 0 24.4249 1.14511 1.14511 0 0 609.967
24.421048322 0.279753 1089518 823643 262086 331 766.003 0 0 24.4264 1.14506 1.14506 0 0 611.816
24.422360444 0.296956 1089759 809774 257801 332 766.003 0 0 24.428 1.14457 1.14457 0 0 613.636
24.423820036 0.320836 1090046 790874 251766 333 766.003 0 0 24.4296 1.14464 1.14464 0 0 615.505
24.425279627 0.346768 1089557 770283 245334 334 766.003 0 0 24.4306 1.14414 1.14414 0 0 617.335
24.426591749 0.368236 1089998 754228 240216 335 766.003 0 0 24.4322 1.14415 1.14415 0 0 619.165
24.428048322 0.3888 1089760 738715 235309 336 766.003 0 0 24.4338 1.14401 1.14401 0 0 621.025
24.429509932 0.400286 1089371 730018 232599 337 782.025 0 0 24.4354 1.14375 1.14375 0 0 622.865
24.430966504 0.401022 1089422 729515 232446 338 782.025 0 0 24.4369 1.14372 1.14372 0 0 624.694
24.432427114 0.391698 1089107 736136 234554 339 782.025 0 0 24.4385 1.14373 1.14373 0 0 626.574
24.434033174 0.37147 1089217 751254 239438 340 782.025 0 0 24.4401 1.14345 1.14345 0 0 628.394
24.435491746 0.347417 1088636 769133 245173 341 782.025 0 0 24.4411 1.1433 1.1433 0 0 630.244
24.436952357 0.321375 1088871 789596 251735 342 782.025 0 0 24.4422 1.14314 1.14314 0 0 632.114
24.438560436 0.292613 1088679 812493 259175 343 795.758 0 0 24.4443 1.1426 1.1426 0 0 633.953
24.440019027 0.269613 1088173 831010 265168 344 795.758 0 0 24.4453 1.14228 1.14228 0 0 635.813
24.441625087 0.248204 1088316 849105 270917 345 795.758 0 0 24.4474 1.14237 1.14237 0 0 637.673
24.443088716 0.234099 1087814 860769 274716 346 795.758 0 0 24.4485 1.14209 1.14209 0 0 639.503
24.444692757 0.22334 1087022 869447 277459 347 795.758 0 0 24.4501 1.14218 1.14218 0 0 641.383
24.446300836 0.217578 1085262 873055 278720 348 795.758 0 0 24.4516 1.14179 1.14179 0 0 643.245
24.447908915 0.215688 1081895 871993 278460 349 818.647 0 0 24.4532 1.14151 1.14151 0 0 645.212
24.449515994 0.217215 1074507 864717 276182 350 818.647 0 0 24.4548 1.14134 1.14134 0 0 647.134
24.451123073 0.221527 1068288 856013 273443 351 818.647 0 0 24.4564 1.14119 1.14119 0 0 649.094
24.452729133 0.227524 1062739 846475 270475 352 818.647 0 0 24.458 1.1409 1.1409 0 0 651.004
24.454339231 0.234703 1062469 840206 268592 353 818.647 0 0 24.4601 1.14045 1.14045 0 0 652.894
24.456092759 0.242547 1067042 837230 267636 354 818.647 0 0 24.4616 1.14047 1.14047 0 0 654.734
24.457702857 0.250143 1075060 837138 267670 355 838.483 0 0 24.4632 1.14023 1.14023 0 0 656.653
24.459457405 0.258325 1084056 837264 267743 356 838.483 0 0 24.4648 1.14011 1.14011 0 0 658.503
24.461066503 0.266011 1089275 834854 267016 357 838.483 0 0 24.4669 1.13995 1.13995 0 0 660.423
24.46282105 0.274198 1091358 829630 265426 358 838.483 0 0 24.468 1.13964 1.13964 0 0 662.193
24.464433167 0.28182 1091335 823313 263458 359 838.483 0 0 24.4701 1.13944 1.13944 0 0 664.07
24.466187715 0.289353 1091229 817055 261459 360 838.483 0 0 24.4716 1.13943 1.13943 0 0 665.89
24.467944282 0.296834 1091368 811069 259567 361 846.876 0 0 24.4738 1.13934 1.13934 0 0 667.74
24.469701848 0.30407 1090952 804914 257740 362 846.876 0 0 24.4753 1.13878 1.13878 0 0 669.599
24.471457415 0.310579 1089960 798965 255924 363 846.876 0 0 24.4769 1.13844 1.13844 0 0 671.42
24.473214982 0.315978 1090174 794819 254646 364 846.876 0 0 24.4785 1.13824 1.13824 0 0 673.289
24.475118017 0.31862 1090115 792679 253920 365 846.876 0 0 24.4806 1.1384 1.1384 0 0 675.149
24.476874584 0.317764 1090364 793539 254341 366 846.876 0 0 24.4827 1.13783 1.13783 0 0 676.999
24.47863317 0.313369 1090265 796962 255445 367 858.32 0 0 24.4843 1.1378 1.1378 0 0 678.849
24.480538224 0.304855 1090419 803890 257774 368 858.32 0 0 24.4864 1.13738 1.13738 0 0 680.678
24.48229781 0.294015 1090460 812682 260575 369 858.32 0 0 24.488 1.13745 1.13745 0 0 682.558
24.484202864 0.279955 1089603 823541 264112 370 858.32 0 0 24.4901 1.13724 1.13724 0 0 684.388
24.486106899 0.265196 1089122 835417 268076 371 858.32 0 0 24.4917 1.13666 1.13666 0 0 686.218
24.487866504 0.25154 1089782 847417 271978 372 858.32 0 0 24.4938 1.13647 1.13647 0 0 688.097
24.489774578 0.23844 1090055 858806 275670 373 875.105 0 0 24.4954 1.13634 1.13634 0 0 689.948
24.491679632 0.227958 1090115 867903 278715 374 875.105 0 0 24.4975 1.13589 1.13589 0 0 691.777
24.493585687 0.221334 1090373 873878 280654 375 875.105 0 0 24.4991 1.13582 1.13582 0 0 693.607
24.495494779 0.217903 1090065 876634 281596 376 875.105 0 0 24.5012 1.13561 1.13561 0 0 695.477
24.497546302 0.217782 1090079 876751 281686 377 875.105 0 0 24.5033 1.13543 1.13543 0 0 697.296
24.499454376 0.220945 1088797 872955 280577 378 875.105 0 0 24.5049 1.13503 1.13503 0 0 699.176
24.501363468 0.226506 1087164 866812 278640 379 888.075 0 0 24.5065 1.1349 1.1349 0 0 701.126
24.50341701 0.235128 1086080 858513 276010 380 888.075 0 0 24.5086 1.13476 1.13476 0 0 702.946
24.505326103 0.244814 1085604 849865 273328 381 888.075 0 0 24.5107 1.1344 1.1344 0 0 704.836
24.507380645 0.255579 1087821 842482 271030 382 888.075 0 0 24.5128 1.13412 1.13412 0 0 706.655
24.509290738 0.264837 1089174 835757 268975 383 888.075 0 0 24.5149 1.13372 1.13372 0 0 708.525
24.511346299 0.273262 1089174 828745 266741 384 888.075 0 0 24.517 1.13363 1.13363 0 0 710.415
24.513404879 0.279355 1089169 823707 265176 385 904.86 0 0 24.5186 1.13342 1.13342 0 0 712.315
24.51546044 0.283574 1089886 820779 264275 386 904.86 0 0 24.5207 1.13326 1.13326 0 0 714.185
24.517518021 0.285792 1090240 819227 263917 387 904.86 0 0 24.5234 1.13273 1.13273 0 0 716.054
24.519574582 0.286327 1089339 818112 263584 388 904.86 0 0 24.525 1.13263 1.13263 0 0 717.874
24.521634181 0.285664 1087607 817353 263352 389 904.86 0 0 24.5271 1.13258 1.13258 0 0 719.744
24.523690743 0.284171 1087020 818132 263730 390 904.86 0 0 24.5292 1.1321 1.1321 0 0 721.564
24.525897811 0.281214 1088684 821811 264954 391 920.882 0 0 24.5318 1.13195 1.13195 0 0 723.514
24.52795741 0.277457 1089261 825342 266167 392 920.882 0 0 24.5334 1.13167 1.13167 0 0 725.343
24.530164478 0.272376 1089396 829649 267650 393 920.882 0 0 24.5356 1.13132 1.13132 0 0 727.213
24.532224077 0.266988 1089319 834072 269111 394 920.882 0 0 24.5377 1.13119 1.13119 0 0 729.043
24.534430145 0.261508 1089395 838714 270714 395 920.882 0 0 24.5403 1.13081 1.13081 0 0 730.913
24.536639232 0.256229 1088393 842378 271917 396 920.882 0 0 24.5424 1.13073 1.13073 0 0 732.723
24.538699832 0.251674 1088892 846611 273462 397 937.667 0 0 24.5446 1.13008 1.13008 0 0 734.582
24.540908919 0.246503 1088836 850957 274911 398 937.667 0 0 24.5467 1.12991 1.12991 0 0 736.442
24.543117006 0.240406 1089462 856653 276830 399 937.667 0 0 24.5488 1.12963 1.12963 0 0 738.302
24.545327112 0.232962 1089082 862753 278868 400 937.667 0 0 24.5509 1.12939 1.12939 0 0 740.132
24.547538218 0.224874 1088661 869423 281058 401 937.667 0 0 24.5536 1.12927 1.12927 0 0 741.994
24.549895793 0.215787 1088674 877370 283652 402 937.667 0 0 24.5552 1.12918 1.12918 0 0 743.861
24.552102861 0.208283 1087976 883412 285777 403 954.452 0 0 24.5578 1.12858 1.12858 0 0 745.831
24.554315986 0.201884 1087296 888527 287435 404 954.452 0 0 24.5594 1.12857 1.12857 0 0 747.641
24.556672561 0.196838 1087135 892890 288991 405 954.452 0 0 24.5615 1.12807 1.12807 0 0 749.501
24.558885686 0.193031 1087779 896826 290338 406 954.452 0 0 24.5642 1.12781 1.12781 0 0 751.311
24.56124428 0.190234 1087914 899450 291293 407 954.452 0 0 24.5668 1.12745 1.12745 0 0 753.16
24.563459425 0.188353 1088260 901430 291912 408 954.452 0 0 24.569 1.12753 1.12753 0 0 755.03
24.565818019 0.187772 1088439 902102 292252 409 968.948 0 0 24.5716 1.12711 1.12711 0 0 756.88
24.568179632 0.189197 1088167 900592 291926 410 968.948 0 0 24.5737 1.12655 1.12655 0 0 758.71
24.570540245 0.19279 1088281 897456 290903 411 968.948 0 0 24.5759 1.12657 1.12657 0 0 760.579
24.572902858 0.198847 1087902 891726 289165 412 968.948 0 0 24.5785 1.12616 1.12616 0 0 762.399
24.57526549 0.206518 1087930 884935 287056 413 968.948 0 0 24.5806 1.12584 1.12584 0 0 764.269
24.577626103 0.214731 1087260 877156 284649 414 968.948 0 0 24.5833 1.12543 1.12543 0 0 766.099
24.579993773 0.222555 1087123 870210 282382 415 990.311 0 0 24.5854 1.12547 1.12547 0 0 767.939
24.582503873 0.229719 1086381 863409 280359 416 990.311 0 0 24.5881 1.12482 1.12482 0 0 769.808
24.584867506 0.235493 1086416 858465 278823 417 990.311 0 0 24.5907 1.12457 1.12457 0 0 771.668
24.587378625 0.240775 1086559 854055 277485 418 990.311 0 0 24.5929 1.12423 1.12423 0 0 773.498
24.589744276 0.245003 1086532 850431 276355 419 990.311 0 0 24.5955 1.12406 1.12406 0 0 775.368
24.592259434 0.248701 1086872 847557 275481 420 990.311 0 0 24.5977 1.12384 1.12384 0 0 777.188
24.594771554 0.251097 1086448 845199 274746 421 1006.33 0 0 24.6003 1.12372 1.12372 0 0 779.037
24.597138224 0.252541 1086082 843695 274372 422 1006.33 0 0 24.603 1.1233 1.1233 0 0 780.607
24.599652363 0.252738 1086277 843680 274439 423 1006.33 0 0 24.6051 1.12304 1.12304 0 0 782.417
24.60217054 0.25133 1086494 845038 274967 424 1006.33 0 0 24.6073 1.12273 1.12273 0 0 784.237
24.604686698 0.248215 1086313 847533 275951 425 1006.33 0 0 24.6099 1.12211 1.12211 0 0 786.097
24.607202856 0.242622 1085197 851411 277273 426 1006.33 0 0 24.6126 1.12189 1.12189 0 0 787.966
24.609719033 0.234267 1085624 858892 279749 427 1019.3 0 0 24.6152 1.12175 1.12175 0 0 789.806
24.612384679 0.223218 1085596 868412 282986 428 1019.3 0 0 24.6179 1.12127 1.12127 0 0 791.666
24.614902856 0.210937 1086126 879572 286689 429 1019.3 0 0 24.6206 1.12104 1.12104 0 0 793.486
24.617421052 0.198816 1085588 889857 290131 430 1019.3 0 0 24.6232 1.12073 1.12073 0 0 795.366
24.620088717 0.187547 1085737 900065 293560 431 1019.3 0 0 24.6259 1.12038 1.12038 0 0 797.185
24.6227564 0.177918 1085746 908781 296550 432 1019.3 0 0 24.628 1.11989 1.11989 0 0 799.055
24.625276596 0.170577 1085301 915102 298694 433 1036.85 0 0 24.6307 1.11961 1.11961 0 0 800.905
24.627946299 0.164888 1085940 920865 300662 434 1036.85 0 0 24.6334 1.11933 1.11933 0 0 802.725
24.630614983 0.161357 1085971 924148 301845 435 1036.85 0 0 24.636 1.11896 1.11896 0 0 804.585
24.633286705 0.159388 1085525 925590 302493 436 1036.85 0 0 24.6387 1.11837 1.11837 0 0 806.444
24.635959427 0.158069 1085253 926579 302762 437 1036.85 0 0 24.6414 1.11855 1.11855 0 0 808.264
24.638627111 0.157252 1085682 927703 303283 438 1036.85 0 0 24.6441 1.11804 1.11804 0 0 810.124
24.641301852 0.156422 1085871 928635 303747 439 1055.92 0 0 24.6467 1.11752 1.11752 0 0 811.964
24.643971555 0.155392 1085545 929313 304031 440 1055.92 0 0 24.6499 1.11731 1.11731 0 0 813.834
24.646646296 0.154926 1085567 929765 304276 441 1055.92 0 0 24.6526 1.117 1.117 0 0 815.653
24.649468525 0.155293 1085888 929698 304287 442 1055.92 0 0 24.6548 1.11689 1.11689 0 0 817.523
24.652143266 0.157461 1085815 927623 303781 443 1055.92 0 0 24.658 1.11632 1.11632 0 0 819.383
24.654965494 0.161744 1085222 923154 302498 444 1055.92 0 0 24.6606 1.11572 1.11572 0 0 821.203
24.657641254 0.167191 1084835 917812 300753 445 1069.66 0 0 24.6628 1.1157 1.1157 0 0 823.043
24.660468521 0.17415 1085419 911937 298973 446 1069.66 0 0 24.6654 1.11522 1.11522 0 0 824.902
24.66329175 0.181253 1084865 905021 296805 447 1069.66 0 0 24.6681 1.11488 1.11488 0 0 826.762
24.665969529 0.187431 1084941 899510 295056 448 1069.66 0 0 24.6713 1.11468 1.11468 0 0 828.632
24.668796796 0.193428 1083983 893342 293119 449 1069.66 0 0 24.674 1.11439 1.11439 0 0 830.462
24.671624082 0.199304 1084904 888863 291755 450 1069.66 0 0 24.6772 1.11403 1.11403 0 0 832.322
24.674451349 0.204409 1084292 883838 290236 451 1089.49 0 0 24.6799 1.11358 1.11358 0 0 834.171
24.677279635 0.208565 1084539 880373 289136 452 1089.49 0 0 24.6831 1.11345 1.11345 0 0 835.991
24.680257409 0.211001 1084957 878569 288702 453 1089.49 0 0 24.6858 1.1129 1.1129 0 0 837.861
24.683087714 0.210886 1084680 878446 288668 454 1089.49 0 0 24.689 1.11288 1.11288 0 0 839.671
24.685920038 0.20876 1084397 880086 289347 455 1089.49 0 0 24.6912 1.11239 1.11239 0 0 841.501
24.688899831 0.204205 1084373 884084 290782 456 1089.49 0 0 24.6944 1.11198 1.11198 0 0 843.37
24.691731155 0.198318 1084275 889224 292609 457 1104.75 0 0 24.6976 1.11151 1.11151 0 0 845.21
24.694713967 0.19047 1082968 895149 294652 458 1104.75 0 0 24.7003 1.11119 1.11119 0 0 847.04
24.697696798 0.181191 1082391 903013 297377 459 1104.75 0 0 24.703 1.11074 1.11074 0 0 848.91
24.700530141 0.171193 1082481 912162 300488 460 1104.75 0 0 24.7062 1.11041 1.11041 0 0 850.729
24.703513972 0.160683 1083268 922470 303983 461 1104.75 0 0 24.7089 1.11008 1.11008 0 0 852.609
24.706498822 0.151361 1081833 929876 306510 462 1104.75 0 0 24.7121 1.1098 1.1098 0 0 854.44
24.709483672 0.144 1082009 936898 308965 463 1122.3 0 0 24.7148 1.10935 1.10935 0 0 856.299
24.712468522 0.138845 1083365 942921 310959 464 1122.3 0 0 24.7175 1.10932 1.10932 0 0 858.119
24.715455391 0.135791 1083789 946175 312218 465 1122.3 0 0 24.7207 1.10872 1.10872 0 0 859.988
24.71844226 0.134244 1083261 947178 312641 466 1122.3 0 0 24.7234 1.10843 1.10843 0 0 861.858
24.721582655 0.134011 1083805 947875 312984 467 1122.3 0 0 24.7266 1.10807 1.10807 0 0 863.678
24.724570543 0.134773 1083689 947051 312813 468 1122.3 0 0 24.7298 1.10775 1.10775 0 0 865.538
24.72756145 0.135938 1083496 945780 312569 469 1143.66 0 0 24.7331 1.10718 1.10718 0 0 867.378
24.730699826 0.137222 1083295 944391 312248 470 1143.66 0 0 24.7363 1.10674 1.10674 0 0 869.197
24.733842259 0.137792 1082726 943357 311935 471 1143.66 0 0 24.7395 1.10665 1.10665 0 0 871.067
24.736835186 0.13685 1083221 944678 312535 472 1143.66 0 0 24.7422 1.10613 1.10613 0 0 872.927
24.7399766 0.134575 1082981 946620 313254 473 1143.66 0 0 24.7455 1.10588 1.10588 0 0 874.747
24.743117014 0.132222 1082534 948458 313956 474 1143.66 0 0 24.7481 1.10558 1.10558 0 0 876.617
24.746263466 0.130989 1082631 949714 314519 475 1163.5 0 0 24.7514 1.10512 1.10512 0 0 878.457
24.749408918 0.131655 1082490 948958 314443 476 1163.5 0 0 24.7546 1.10456 1.10456 0 0 880.316
24.752551351 0.134017 1079043 943704 312781 477 1163.5 0 0 24.7584 1.10431 1.10431 0 0 882.176
24.755700841 0.137377 1078472 940041 311683 478 1163.5 0 0 24.7616 1.10394 1.10394 0 0 883.996
24.758845294 0.140895 1081944 939755 311633 479 1163.5 0 0 24.7643 1.10379 1.10379 0 0 885.866
24.761993765 0.14434 1082276 936811 310852 480 1163.5 0 0 24.7676 1.10316 1.10316 0 0 887.685
24.765292762 0.148057 1082235 933300 309762 481 1183.34 0 0 24.7703 1.10292 1.10292 0 0 889.535
24.768441252 0.151223 1081946 930101 308883 482 1183.34 0 0 24.7735 1.10233 1.10233 0 0 891.395
24.771743268 0.154142 1082157 927571 308131 483 1183.34 0 0 24.7767 1.10204 1.10204 0 0 893.265
24.774894778 0.156287 1080987 924583 307273 484 1183.34 0 0 24.78 1.10161 1.10161 0 0 895.075
24.778197813 0.15807 1081221 923136 306920 485 1183.34 0 0 24.7832 1.10119 1.10119 0 0 896.934
24.781499829 0.159655 1080820 921332 306372 486 1183.34 0 0 24.7865 1.10102 1.10102 0 0 898.794
24.784654377 0.160718 1081601 921018 306433 487 1203.94 0 0 24.7897 1.10048 1.10048 0 0 900.634
24.787957412 0.16101 1081009 920245 306287 488 1203.94 0 0 24.7929 1.10012 1.10012 0 0 902.494
24.791263467 0.159462 1081040 921697 306786 489 1203.94 0 0 24.7967 1.10007 1.10007 0 0 904.354
24.794572559 0.15639 1081166 924641 307998 490 1203.94 0 0 24.8 1.09931 1.09931 0 0 906.223
24.797877613 0.151316 1080034 928371 309287 491 1203.94 0 0 24.8032 1.09916 1.09916 0 0 908.043
24.801187706 0.144435 1080104 934842 311609 492 1203.94 0 0 24.8065 1.09863 1.09863 0 0 909.913
24.804646305 0.1358 1080256 943082 314495 493 1221.48 0 0 24.8103 1.09818 1.09818 0 0 911.873
24.807956398 0.12709 1080475 951525 317446 494 1221.48 0 0 24.8135 1.09776 1.09776 0 0 913.703
24.811267509 0.118429 1080058 959432 320191 495 1221.48 0 0 24.8168 1.09742 1.09742 0 0 915.523
24.814731147 0.110689 1080230 967040 322863 496 1221.48 0 0 24.82 1.09701 1.09701 0 0 917.402
24.818042258 0.105904 1079954 971430 324535 497 1221.48 0 0 24.8233 1.09637 1.09637 0 0 919.202
24.821506896 0.103781 1079760 973320 325286 498 1221.48 0 0 24.8271 1.09601 1.09601 0 0 921.072
24.824971552 0.103706 1079098 972796 325250 499 1239.8 0 0 24.8298 1.09558 1.09558 0 0 922.922
24.828439228 0.105004 1079601 971987 325103 500 1239.8 0 0 24.8336 1.0952 1.0952 0 0 924.731
24.831754378 0.105989 1079044 970529 324734 501 1239.8 0 0 24.8368 1.09483 1.09483 0 0 926.591
24.835221053 0.106332 1078781 969960 324696 502 1239.8 0 0 24.8406 1.09436 1.09436 0 0 928.461
24.838691748 0.106516 1078490 969520 324736 503 1239.8 0 0 24.8444 1.09379 1.09379 0 0 930.281
24.842162462 0.106198 1077934 969328 324725 504 1239.8 0 0 24.8477 1.09362 1.09362 0 0 932.141
24.845784682 0.106252 1077902 969247 324899 505 1261.16 0 0 24.8509 1.093 1.093 0 0 933.991
24.849256396 0.106335 1077924 969187 324930 506 1261.16 0 0 24.8547 1.09285 1.09285 0 0 935.86
24.852731148 0.10678 1078013 968835 324979 507 1261.16 0 0 24.8586 1.09233 1.09233 0 0 937.68
24.856204881 0.107204 1077500 967964 324742 508 1261.16 0 0 24.8618 1.09216 1.09216 0 0 939.54
24.859830139 0.108137 1077810 967339 324709 509 1261.16 0 0 24.8651 1.09162 1.09162 0 0 941.36
24.86330791 0.109535 1077350 965576 324227 510 1261.16 0 0 24.8689 1.09128 1.09128 0 0 943.219
24.866935188 0.111378 1077259 963716 323855 511 1282.52 0 0 24.8722 1.0905 1.0905 0 0 945.109
24.870564485 0.112983 1076041 961083 323057 512 1282.52 0 0 24.8754 1.09023 1.09023 0 0 946.919
24.874043275 0.114118 1076074 960022 322822 513 1282.52 0 0 24.8792 1.08985 1.08985 0 0 948.779
24.877675591 0.114817 1076440 959678 322904 514 1282.52 0 0 24.8825 1.08924 1.08924 0 0 950.658
24.881307907 0.115285 1076012 958847 322704 515 1282.52 0 0 24.8863 1.08899 1.08899 0 0 952.478
24.884940242 0.115414 1076145 958842 322779 516 1282.52 0 0 24.8901 1.08876 1.08876 0 0 954.338
24.888574577 0.115169 1074805 957883 322620 517 1306.94 0 0 24.8934 1.08825 1.08825 0 0 956.188
24.892209931 0.114698 1075336 958808 323068 518 1306.94 0 0 24.8972 1.08783 1.08783 0 0 958.008
24.895846304 0.113529 1075456 960036 323694 519 1306.94 0 0 24.901 1.08717 1.08717 0 0 959.878
24.899636203 0.111672 1075204 961595 324303 520 1306.94 0 0 24.9048 1.08691 1.08691 0 0 961.697
24.903275595 0.109226 1075131 963885 325234 521 1306.94 0 0 24.9081 1.08643 1.08643 0 0 963.577
24.906915987 0.106559 1074626 966005 326069 522 1306.94 0 0 24.9119 1.08606 1.08606 0 0 965.397
24.910706905 0.103633 1074910 969092 327294 523 1347.37 0 0 24.9158 1.0855 1.0855 0 0 967.257
24.914350336 0.100725 1074087 971170 328129 524 1347.37 0 0 24.9196 1.08509 1.08509 0 0 969.077
24.918145292 0.0975225 1074247 974430 329304 525 1347.37 0 0 24.9234 1.08487 1.08487 0 0 970.946
24.921941248 0.0942131 1073959 977398 330469 526 1347.37 0 0 24.9267 1.08438 1.08438 0 0 972.806
24.925586698 0.0905406 1073544 980615 331656 527 1347.37 0 0 24.9305 1.08408 1.08408 0 0 974.616
24.929383673 0.0871578 1073782 984156 333067 528 1347.37 0 0 24.9344 1.08344 1.08344 0 0 976.476
24.933185687 0.0840084 1072856 986409 333975 529 1509.88 0 0 24.9376 1.083 1.083 0 0 978.315
24.936984681 0.0813263 1073153 989332 335130 530 1509.88 0 0 24.9415 1.08251 1.08251 0 0 980.185
24.940785694 0.0794755 1073228 991234 335839 531 1509.88 0 0 24.9453 1.08232 1.08232 0 0 982.005
24.944591746 0.0782857 1072393 991642 336125 532 1509.88 0 0 24.9491 1.08188 1.08188 0 0 983.885
24.948394779 0.0772026 1072011 992363 336584 533 1509.88 0 0 24.9535 1.08124 1.08124 0 0 985.705
24.952353375 0.0759829 1072683 994197 337286 534 1509.88 0 0 24.9568 1.081 1.081 0 0 987.574
24.956159427 0.0752446 1072107 994397 337598 535 1538.87 0 0 24.9612 1.08028 1.08028 0 0 989.414
24.959966497 0.0745052 1071348 994428 337676 536 1538.87 0 0 24.9645 1.08008 1.08008 0 0 991.274
24.963927113 0.0740048 1071233 994819 337954 537 1538.87 0 0 24.9689 1.07965 1.07965 0 0 993.094
24.967891748 0.0739764 1072064 995619 338480 538 1538.87 0 0 24.9732 1.0789 1.0789 0 0 994.964
24.971702857 0.0737489 1071157 995003 338390 539 1538.87 0 0 24.9771 1.07855 1.07855 0 0 996.793
24.97566751 0.0737745 1071502 995298 338605 540 1538.87 0 0 24.9809 1.07821 1.07821 0 0 998.643
24.979632164 0.0740393 1072138 995625 338854 541 1564.81 0 0 24.9842 1.0778 1.0778 0 0 1000.48
24.98344933 0.0746364 1071189 994150 338560 542 1564.81 0 0 24.9881 1.07719 1.07719 0 0 1002.35
24.987416003 0.075514 1071339 993417 338477 543 1564.81 0 0 24.9919 1.07669 1.07669 0 0 1004.17
24.991387714 0.0764642 1071481 992605 338393 544 1564.81 0 0 24.9963 1.07612 1.07612 0 0 1006.04
24.995357406 0.0771448 1071248 991714 338177 545 1564.81 0 0 24.9996 1.07586 1.07586 0 0 1007.85
24.999484681 0.0774223 1070347 990605 337876 546 1564.81 0 0 25.0046 1.07564 1.07564 0 0 1009.71
25.00345943 0.0774502 1068218 988607 337421 547 1589.99 0 0 25.0079 1.07496 1.07496 0 0 1011.55
25.007434179 0.0769765 1066860 987818 337325 548 1589.99 0 0 25.0117 1.07445 1.07445 0 0 1013.42
25.011409928 0.0755562 1067382 989706 338144 549 1589.99 0 0 25.0161 1.07394 1.07394 0 0 1015.28
25.015540242 0.0736761 1069473 993511 339545 550 1589.99 0 0 25.0205 1.07364 1.07364 0 0 1017.1
25.019521048 0.0715918 1069834 995920 340528 551 1589.99 0 0 25.0238 1.07317 1.07317 0 0 1018.98
25.023652361 0.0696315 1067503 995700 340620 552 1589.99 0 0 25.0288 1.07268 1.07268 0 0 1020.85
25.027635186 0.0678448 1068534 998444 341668 553 1610.59 0 0 25.0326 1.07236 1.07236 0 0 1022.66
25.031772557 0.0661914 1069130 1000654 342623 554 1610.59 0 0 25.0365 1.07178 1.07178 0 0 1024.52
25.035909927 0.0646728 1069078 1002126 343275 555 1610.59 0 0 25.0404 1.07135 1.07135 0 0 1026.39
25.040048317 0.0630888 1068353 1003034 343760 556 1610.59 0 0 25.0442 1.07084 1.07084 0 0 1028.21
25.044188725 0.0615701 1070153 1006251 345065 557 1610.59 0 0 25.0481 1.07025 1.07025 0 0 1030.08
25.048327115 0.0599561 1069007 1006797 345468 558 1610.59 0 0 25.0525 1.06963 1.06963 0 0 1031.9
25.052472561 0.0579761 1068820 1008616 346184 559 1635.77 0 0 25.0569 1.06936 1.06936 0 0 1033.78
25.056617008 0.0556549 1069558 1011658 347429 560 1635.77 0 0 25.0613 1.06878 1.06878 0 0 1035.6
25.060762455 0.0531906 1068478 1013130 348017 561 1635.77 0 0 25.0652 1.06855 1.06855 0 0 1037.47
25.06491094 0.0505693 1068401 1015716 349126 562 1635.77 0 0 25.0696 1.06792 1.06792 0 0 1039.3
25.06921195 0.0479618 1068592 1018550 350205 563 1635.77 0 0 25.0741 1.06762 1.06762 0 0 1041.12
25.073361454 0.0460501 1068394 1020310 351030 564 1635.77 0 0 25.0779 1.06699 1.06699 0 0 1042.99
25.077514977 0.0443606 1067547 1021225 351538 565 1657.89 0 0 25.0824 1.06644 1.06644 0 0 1044.82
25.081821045 0.0427816 1067327 1022628 352166 566 1657.89 0 0 25.0868 1.06603 1.06603 0 0 1046.69
25.086127113 0.0416376 1067217 1023693 352688 567 1657.89 0 0 25.0907 1.06559 1.06559 0 0 1048.57
25.090283674 0.0410099 1067535 1024641 353193 568 1657.89 0 0 25.0945 1.06508 1.06508 0 0 1050.39
25.09459478 0.0403852 1067468 1025217 353656 569 1657.89 0 0 25.0995 1.06433 1.06433 0 0 1052.25
25.098907905 0.0400535 1067673 1025754 353931 570 1657.89 0 0 25.1029 1.06408 1.06408 0 0 1054.13
25.103219031 0.0397635 1065711 1024166 353514 571 1684.6 0 0 25.1073 1.06371 1.06371 0 0 1055.98
25.107535194 0.0396133 1061665 1020431 352452 572 1684.6 0 0 25.1123 1.06306 1.06306 0 0 1057.8
25.111852357 0.0396047 1065627 1024248 353960 573 1684.6 0 0 25.1162 1.06253 1.06253 0 0 1059.66
25.11617054 0.0396131 1066795 1025362 354566 574 1684.6 0 0 25.1206 1.06191 1.06191 0 0 1061.49
25.12049276 0.0395367 1066753 1025400 354706 575 1684.6 0 0 25.1251 1.06155 1.06155 0 0 1063.36
25.124812962 0.0396043 1067206 1025766 354988 576 1684.6 0 0 25.1295 1.06111 1.06111 0 0 1065.18
25.129134182 0.0393706 1067122 1025925 355284 577 1705.96 0 0 25.1339 1.06043 1.06043 0 0 1067.02
25.133613967 0.0384923 1066579 1026304 355484 578 1705.96 0 0 25.1384 1.06024 1.06024 0 0 1068.9
25.137938225 0.0372994 1066580 1027530 356125 579 1705.96 0 0 25.1428 1.05963 1.05963 0 0 1070.74
25.142423067 0.0361078 1065793 1027996 356579 580 1705.96 0 0 25.1473 1.05881 1.05881 0 0 1072.55
25.146750345 0.0345523 1064891 1028725 356909 581 1705.96 0 0 25.1517 1.05859 1.05859 0 0 1074.41
25.151235187 0.0328988 1065335 1030857 357831 582 1705.96 0 0 25.1556 1.05808 1.05808 0 0 1076.24
25.155723066 0.0311509 1065643 1032959 358708 583 1727.32 0 0 25.1601 1.05767 1.05767 0 0 1078.1
25.160056401 0.0294899 1066199 1035216 359716 584 1727.32 0 0 25.1645 1.05705 1.05705 0 0 1079.97
25.1645463 0.0277787 1065796 1036597 360372 585 1727.32 0 0 25.169 1.05656 1.05656 0 0 1081.8
25.169036199 0.0261028 1065552 1038098 361083 586 1727.32 0 0 25.1735 1.05604 1.05604 0 0 1083.64
25.173530137 0.0244434 1065882 1040144 361894 587 1727.32 0 0 25.1779 1.05576 1.05576 0 0 1085.51
25.178023074 0.0229685 1064531 1040359 362184 588 1727.32 0 0 25.1824 1.05517 1.05517 0 0 1087.33
25.182523068 0.0216206 1065337 1042551 363111 589 1755.55 0 0 25.1869 1.05472 1.05472 0 0 1089.18
25.187173569 0.0199926 1064714 1043639 363657 590 1755.55 0 0 25.1919 1.05426 1.05426 0 0 1091.05
25.191674583 0.018653 1063573 1043918 364079 591 1755.55 0 0 25.1958 1.05336 1.05336 0 0 1092.87
25.196176596 0.0170556 1064277 1046279 365033 592 1755.55 0 0 25.2003 1.05301 1.05301 0 0 1094.74
25.200833173 0.0153434 1063095 1046908 365439 593 1755.55 0 0 25.2053 1.0525 1.0525 0 0 1096.55
25.205337206 0.0136051 1062316 1047961 365939 594 1755.55 0 0 25.2092 1.05213 1.05213 0 0 1098.41
25.210000841 0.0118094 1062526 1050052 366804 595 1772.34 0 0 25.2142 1.05177 1.05177 0 0 1100.26
25.214507911 0.0103008 1062950 1052057 367704 596 1772.34 0 0 25.2181 1.05122 1.05122 0 0 1102.13
25.219173565 0.00874354 1062785 1053533 368443 597 1772.34 0 0 25.2232 1.05062 1.05062 0 0 1103.95
25.223838219 0.00710782 1062318 1054794 369057 598 1772.34 0 0 25.2282 1.05015 1.05015 0 0 1105.82
25.228353366 0.00574551 1061959 1055875 369556 599 1772.34 0 0 25.2327 1.04982 1.04982 0 0 1107.69
25.233020039 0.00459925 1061523 1056652 370079 600 1772.34 0 0 25.2372 1.04914 1.04914 0 0 1109.5
25.237693769 0.00366762 1061759 1057872 370701 601 1796.75 0 0 25.2422 1.04862 1.04862 0 0 1111.35
25.24236448 0.0027296 1061309 1058416 371172 602 1796.75 0 0 25.2473 1.04786 1.04786 0 0 1113.22
25.247041248 0.00184522 1062098 1060140 371859 603 1796.75 0 0 25.2518 1.04764 1.04764 0 0 1115.08
25.251719035 0.00119054 1061490 1060227 372117 604 1796.75 0 0 25.2563 1.04703 1.04703 0 0 1116.9
25.256555386 0.000453644 1060543 1060062 372228 605 1796.75 0 0 25.2613 1.04658 1.04658 0 0 1118.76
25.261233174 -0.000283553 1061379 1061680 373097 606 1796.75 0 0 25.2652 1.04577 1.04577 0 0 1120.63
25.265916999 -0.00118195 1061179 1062434 373523 607 1824.22 0 0 25.2697 1.04534 1.04534 0 0 1122.43
25.270757408 -0.00185895 1059825 1061797 373513 608 1824.22 0 0 25.2748 1.04476 1.04476 0 0 1124.29
25.275441252 -0.00277239 1060427 1063371 374266 609 1824.22 0 0 25.2798 1.04423 1.04423 0 0 1126.15
25.28028468 -0.00384567 1060712 1064799 374950 610 1824.22 0 0 25.2849 1.04375 1.04375 0 0 1128.02
25.2849766 -0.00479579 1060469 1065567 375421 611 1824.22 0 0 25.2894 1.04321 1.04321 0 0 1129.83
25.289823066 -0.00623689 1059558 1066187 375789 612 1824.22 0 0 25.2945 1.04282 1.04282 0 0 1131.71
25.29467357 -0.00742393 1059644 1067540 376474 613 1850.92 0 0 25.299 1.04226 1.04226 0 0 1133.56
25.299365491 -0.00862482 1059555 1068733 377231 614 1850.92 0 0 25.3035 1.04137 1.04137 0 0 1135.39
25.304219033 -0.0102581 1058973 1069892 377781 615 1850.92 0 0 25.3086 1.041 1.041 0 0 1137.26
25.309073575 -0.0118814 1058548 1071200 378424 616 1850.92 0 0 25.3136 1.04052 1.04052 0 0 1139.07
25.313931155 -0.0133882 1058521 1072788 379231 617 1850.92 0 0 25.3181 1.03987 1.03987 0 0 1140.94
25.318789735 -0.015012 1058890 1074906 380058 618 1850.92 0 0 25.3232 1.03966 1.03966 0 0 1142.76
25.323651353 -0.016611 1058287 1076013 380704 619 1868.47 0 0 25.3277 1.03899 1.03899 0 0 1144.61
25.328513972 -0.0181716 1058091 1077494 381390 620 1868.47 0 0 25.3322 1.03857 1.03857 0 0 1146.49
25.333535192 -0.0197055 1056786 1077817 381787 621 1868.47 0 0 25.3373 1.03783 1.03783 0 0 1148.31
25.338401849 -0.021109 1057873 1080441 382890 622 1868.47 0 0 25.3424 1.03738 1.03738 0 0 1150.19
25.343267505 -0.0226366 1057795 1082013 383658 623 1868.47 0 0 25.3475 1.03683 1.03683 0 0 1152.02
25.348296802 -0.0241163 1055779 1081550 383650 624 1868.47 0 0 25.352 1.03642 1.03642 0 0 1153.84
25.353166497 -0.0255689 1057471 1084858 385154 625 1890.59 0 0 25.3571 1.03556 1.03556 0 0 1155.69
25.358199831 -0.0269609 1055964 1084821 385270 626 1890.59 0 0 25.3628 1.03523 1.03523 0 0 1157.57
25.363231147 -0.0283979 1056693 1087131 386275 627 1890.59 0 0 25.3673 1.03475 1.03475 0 0 1159.4
25.368110937 -0.0299027 1056094 1088151 386944 628 1890.59 0 0 25.3724 1.03395 1.03395 0 0 1161.22
25.373145291 -0.0313822 1055558 1089209 387426 629 1890.59 0 0 25.3769 1.03368 1.03368 0 0 1163.1
25.378184683 -0.0328265 1055518 1090742 388193 630 1890.59 0 0 25.382 1.03311 1.03311 0 0 1164.91
25.383226095 -0.0341188 1054383 1090978 388544 631 1916.53 0 0 25.3871 1.03242 1.03242 0 0 1166.76
25.388268525 -0.035269 1052890 1090687 388667 632 1916.53 0 0 25.3922 1.03184 1.03184 0 0 1168.62
25.393311955 -0.0366721 1042491 1081431 385477 633 1916.53 0 0 25.3973 1.03156 1.03156 0 0 1170.51
25.398358424 -0.0375706 1049671 1089858 388731 634 1916.53 0 0 25.4025 1.03091 1.03091 0 0 1172.32
25.403411949 -0.0386451 1054197 1095734 391036 635 1916.53 0 0 25.4076 1.03038 1.03038 0 0 1174.17
25.408462456 -0.0399421 1055103 1098099 392097 636 1916.53 0 0 25.4127 1.02983 1.02983 0 0 1176.05
25.413671546 -0.0408055 1054491 1098410 392485 637 1939.42 0 0 25.4178 1.02912 1.02912 0 0 1177.89
25.41872509 -0.0421307 1054314 1099682 393129 638 1939.42 0 0 25.4235 1.02864 1.02864 0 0 1179.72
25.423781654 -0.0431299 1053672 1100111 393507 639 1939.42 0 0 25.428 1.02807 1.02807 0 0 1181.58
25.429002858 -0.0444254 1053889 1101764 394342 640 1939.42 0 0 25.4331 1.02745 1.02745 0 0 1183.44
25.43406246 -0.0456744 1054467 1103746 395208 641 1939.42 0 0 25.4377 1.02705 1.02705 0 0 1185.31
25.439282664 -0.0468313 1053932 1104463 395748 642 1939.42 0 0 25.4434 1.02634 1.02634 0 0 1187.14
25.444507907 -0.0482035 1053838 1105881 396459 643 1965.36 0 0 25.4485 1.02582 1.02582 0 0 1188.98
25.449733168 -0.0495278 1053021 1106488 396849 644 1965.36 0 0 25.4537 1.02539 1.02539 0 0 1190.8
25.454801846 -0.05082 1053066 1107966 397539 645 1965.36 0 0 25.4588 1.02499 1.02499 0 0 1192.67
25.460032165 -0.0521279 1052990 1109336 398322 646 1965.36 0 0 25.4645 1.02426 1.02426 0 0 1194.5
25.465264483 -0.0535481 1051833 1109692 398688 647 1965.36 0 0 25.4696 1.02366 1.02366 0 0 1196.37
25.470498821 -0.0549484 1052028 1111453 399532 648 1965.36 0 0 25.4748 1.02313 1.02313 0 0 1198.24
25.475736197 -0.056405 1050355 1111303 399748 649 1982.91 0 0 25.4799 1.02245 1.02245 0 0 1200.08
25.480973573 -0.0577714 1047706 1110016 399454 650 1982.91 0 0 25.485 1.02203 1.02203 0 0 1201.96
25.486213968 -0.0592902 1050600 1114774 401427 651 1982.91 0 0 25.4896 1.02138 1.02138 0 0 1203.84
25.491616003 -0.0607728 1042652 1107982 399165 652 1982.91 0 0 25.4953 1.02092 1.02092 0 0 1205.67
25.496863474 -0.0625106 1042185 1109412 399945 653 1982.91 0 0 25.5005 1.02026 1.02026 0 0 1207.54
25.502109926 -0.0639607 1050938 1120353 404018 654 1982.91 0 0 25.5056 1.01994 1.01994 0 0 1209.36
25.507518018 -0.0655555 1049342 1120437 404348 655 2009.61 0 0 25.5114 1.0192 1.0192 0 0 1211.21
25.512769528 -0.0668284 1050685 1123300 405691 656 2009.61 0 0 25.5165 1.01843 1.01843 0 0 1213.08
25.518184677 -0.0684462 1050053 1124442 406266 657 2009.61 0 0 25.5217 1.01803 1.01803 0 0 1214.9
25.523439225 -0.0696726 1049862 1125617 406982 658 2009.61 0 0 25.5274 1.01732 1.01732 0 0 1216.76
25.528857413 -0.0712448 1049536 1127038 407653 659 2009.61 0 0 25.5331 1.01693 1.01693 0 0 1218.59
25.5342766 -0.0725607 1049109 1128063 408356 660 2009.61 0 0 25.5383 1.01612 1.01612 0 0 1220.46
25.539699826 -0.0740525 1046324 1126748 408024 661 2035.55 0 0 25.5435 1.01576 1.01576 0 0 1222.3
25.54512509 -0.0754115 1039183 1120580 406059 662 2035.55 0 0 25.5492 1.0151 1.0151 0 0 1224.16
25.550550335 -0.076684 1014242 1095078 396994 663 2035.55 0 0 25.5538 1.01466 1.01466 0 0 1225.98
25.555980638 -0.0779187 1049525 1134573 411586 664 2035.55 0 0 25.5596 1.01399 1.01399 0 0 1227.85
25.56141094 -0.0791264 1050349 1136836 412709 665 2035.55 0 0 25.5653 1.01326 1.01326 0 0 1229.68
25.56684428 -0.0804532 1049462 1137384 413092 666 2035.55 0 0 25.5705 1.01282 1.01282 0 0 1231.54
25.572282659 -0.0816788 1049064 1138347 413757 667 2056.92 0 0 25.5757 1.01205 1.01205 0 0 1233.38
25.577720037 -0.0830909 1048838 1139710 414397 668 2056.92 0 0 25.5814 1.0117 1.0117 0 0 1235.26
25.583161454 -0.0843594 1047900 1140136 414791 669 2056.92 0 0 25.5872 1.01113 1.01113 0 0 1237.08
#     BM29  -  E.S.R.F.  - Mon Dec 14 21:38:03 2009
# first crystal temperature at the end of the scan -163.7 deg C
